# nproj 6, npos 100   


# 30.000 deg  
-1.000000    0.000
-0.979798    0.000
-0.959596    0.000
-0.939394    0.000
-0.919192    0.000
-0.898990    0.000
-0.878788    0.000
-0.858586    0.000
-0.838384    0.000
-0.818182    0.000
-0.797980    0.000
-0.777778    0.000
-0.757576    0.000
-0.737374    0.000
-0.717172    0.000
-0.696970    0.215
-0.676768    0.763
-0.656566    1.288
-0.636364    1.745
-0.616162    2.013
-0.595960    1.592
-0.575758    0.962
-0.555556    0.644
-0.535354    0.481
-0.515152    0.398
-0.494949    0.341
-0.474747    0.286
-0.454545    0.237
-0.434343    0.202
-0.414141    0.183
-0.393939    0.176
-0.373737    0.179
-0.353535    0.188
-0.333333    0.189
-0.313131    0.186
-0.292929    0.184
-0.272727    0.177
-0.252525    0.155
-0.232323    0.135
-0.212121    0.124
-0.191919    0.121
-0.171717    0.120
-0.151515    0.121
-0.131313    0.123
-0.111111    0.126
-0.090909    0.126
-0.070707    0.122
-0.050505    0.116
-0.030303    0.110
-0.010101    0.107
 0.010101    0.109
 0.030303    0.116
 0.050505    0.130
 0.070707    0.154
 0.090909    0.332
 0.111111    0.435
 0.131313    0.494
 0.151515    0.526
 0.171717    0.548
 0.191919    0.567
 0.212121    0.579
 0.232323    0.586
 0.252525    0.592
 0.272727    0.597
 0.292929    0.604
 0.313131    0.608
 0.333333    0.600
 0.353535    0.579
 0.373737    0.565
 0.393939    0.535
 0.414141    0.490
 0.434343    0.465
 0.454545    0.433
 0.474747    0.297
 0.494949    0.325
 0.515152    0.359
 0.535354    0.412
 0.555556    0.502
 0.575758    0.675
 0.595960    1.077
 0.616162    1.487
 0.636364    1.455
 0.656566    1.149
 0.676768    0.725
 0.696970    0.220
 0.717172    0.000
 0.737374    0.000
 0.757576    0.000
 0.777778    0.000
 0.797980    0.000
 0.818182    0.000
 0.838384    0.000
 0.858586    0.000
 0.878788    0.000
 0.898990    0.000
 0.919192    0.000
 0.939394    0.000
 0.959596    0.000
 0.979798    0.000
 1.000000    0.000



# 60.000 deg  
-1.000000    0.000
-0.979798    0.000
-0.959596    0.000
-0.939394    0.000
-0.919192    0.000
-0.898990    0.000
-0.878788    0.000
-0.858586    0.000
-0.838384    0.000
-0.818182    0.000
-0.797980    0.000
-0.777778    0.000
-0.757576    0.000
-0.737374    0.000
-0.717172    0.000
-0.696970    0.809
-0.676768    2.877
-0.656566    4.815
-0.636364    6.456
-0.616162    7.436
-0.595960    5.934
-0.575758    3.607
-0.555556    2.406
-0.535354    1.784
-0.515152    1.471
-0.494949    1.253
-0.474747    1.041
-0.454545    0.853
-0.434343    0.721
-0.414141    0.650
-0.393939    0.627
-0.373737    0.638
-0.353535    0.666
-0.333333    0.654
-0.313131    0.620
-0.292929    0.591
-0.272727    0.555
-0.252525    0.480
-0.232323    0.411
-0.212121    0.374
-0.191919    0.359
-0.171717    0.354
-0.151515    0.355
-0.131313    0.361
-0.111111    0.368
-0.090909    0.369
-0.070707    0.358
-0.050505    0.337
-0.030303    0.314
-0.010101    0.297
 0.010101    0.292
 0.030303    0.302
 0.050505    0.332
 0.070707    0.389
 0.090909    0.836
 0.111111    1.086
 0.131313    1.212
 0.151515    1.266
 0.171717    1.296
 0.191919    1.321
 0.212121    1.334
 0.232323    1.342
 0.252525    1.350
 0.272727    1.362
 0.292929    1.382
 0.313131    1.397
 0.333333    1.381
 0.353535    1.338
 0.373737    1.317
 0.393939    1.267
 0.414141    1.181
 0.434343    1.130
 0.454545    1.059
 0.474747    0.727
 0.494949    0.796
 0.515152    0.885
 0.535354    1.025
 0.555556    1.273
 0.575758    1.750
 0.595960    2.876
 0.616162    4.118
 0.636364    4.210
 0.656566    3.509
 0.676768    2.359
 0.696970    0.762
 0.717172    0.000
 0.737374    0.000
 0.757576    0.000
 0.777778    0.000
 0.797980    0.000
 0.818182    0.000
 0.838384    0.000
 0.858586    0.000
 0.878788    0.000
 0.898990    0.000
 0.919192    0.000
 0.939394    0.000
 0.959596    0.000
 0.979798    0.000
 1.000000    0.000



# 90.000 deg  
-1.000000    0.000
-0.979798    0.000
-0.959596    0.000
-0.939394    0.000
-0.919192    0.000
-0.898990    0.000
-0.878788    0.000
-0.858586    0.000
-0.838384    0.000
-0.818182    0.000
-0.797980    0.000
-0.777778    0.000
-0.757576    0.000
-0.737374    0.000
-0.717172    0.000
-0.696970    0.679
-0.676768    2.120
-0.656566    3.309
-0.636364    4.346
-0.616162    4.970
-0.595960    4.110
-0.575758    2.833
-0.555556    2.191
-0.535354    1.746
-0.515152    1.438
-0.494949    1.210
-0.474747    1.034
-0.454545    0.891
-0.434343    0.729
-0.414141    0.565
-0.393939    0.477
-0.373737    0.446
-0.353535    0.439
-0.333333    0.442
-0.313131    0.446
-0.292929    0.439
-0.272727    0.402
-0.252525    0.332
-0.232323    0.287
-0.212121    0.275
-0.191919    0.282
-0.171717    0.302
-0.151515    0.329
-0.131313    0.359
-0.111111    0.390
-0.090909    0.433
-0.070707    0.508
-0.050505    0.586
-0.030303    0.638
-0.010101    0.670
 0.010101    1.110
 0.030303    1.375
 0.050505    1.482
 0.070707    1.518
 0.090909    1.521
 0.111111    1.501
 0.131313    1.467
 0.151515    1.451
 0.171717    1.459
 0.191919    1.462
 0.212121    1.432
 0.232323    1.388
 0.252525    1.376
 0.272727    1.396
 0.292929    1.425
 0.313131    1.440
 0.333333    1.417
 0.353535    1.326
 0.373737    1.122
 0.393939    0.758
 0.414141    0.468
 0.434343    0.458
 0.454545    0.496
 0.474747    0.563
 0.494949    0.674
 0.515152    0.885
 0.535354    1.269
 0.555556    1.805
 0.575758    2.470
 0.595960    3.609
 0.616162    4.328
 0.636364    3.998
 0.656566    3.296
 0.676768    2.077
 0.696970    0.567
 0.717172    0.000
 0.737374    0.000
 0.757576    0.000
 0.777778    0.000
 0.797980    0.000
 0.818182    0.000
 0.838384    0.000
 0.858586    0.000
 0.878788    0.000
 0.898990    0.000
 0.919192    0.000
 0.939394    0.000
 0.959596    0.000
 0.979798    0.000
 1.000000    0.000



# 120.000 deg  
-1.000000    0.000
-0.979798    0.000
-0.959596    0.000
-0.939394    0.000
-0.919192    0.000
-0.898990    0.000
-0.878788    0.000
-0.858586    0.000
-0.838384    0.000
-0.818182    0.000
-0.797980    0.000
-0.777778    0.000
-0.757576    0.000
-0.737374    0.000
-0.717172    0.000
-0.696970    0.788
-0.676768    2.458
-0.656566    3.721
-0.636364    4.837
-0.616162    5.877
-0.595960    5.431
-0.575758    3.969
-0.555556    2.919
-0.535354    1.999
-0.515152    1.373
-0.494949    1.018
-0.474747    0.818
-0.454545    0.702
-0.434343    0.626
-0.414141    0.560
-0.393939    0.488
-0.373737    0.428
-0.353535    0.388
-0.333333    0.335
-0.313131    0.292
-0.292929    0.266
-0.272727    0.253
-0.252525    0.253
-0.232323    0.273
-0.212121    0.322
-0.191919    0.382
-0.171717    0.428
-0.151515    0.478
-0.131313    0.533
-0.111111    1.013
-0.090909    1.246
-0.070707    1.355
-0.050505    1.394
-0.030303    1.394
-0.010101    1.373
 0.010101    1.350
 0.030303    1.342
 0.050505    1.348
 0.070707    1.358
 0.090909    1.387
 0.111111    1.419
 0.131313    1.422
 0.151515    1.407
 0.171717    1.383
 0.191919    1.339
 0.212121    1.265
 0.232323    1.140
 0.252525    0.935
 0.272727    0.528
 0.292929    0.411
 0.313131    0.357
 0.333333    0.304
 0.353535    0.268
 0.373737    0.268
 0.393939    0.296
 0.414141    0.359
 0.434343    0.460
 0.454545    0.558
 0.474747    0.648
 0.494949    0.782
 0.515152    0.974
 0.535354    1.234
 0.555556    1.628
 0.575758    2.336
 0.595960    3.884
 0.616162    5.092
 0.636364    4.370
 0.656566    3.050
 0.676768    1.776
 0.696970    0.533
 0.717172    0.000
 0.737374    0.000
 0.757576    0.000
 0.777778    0.000
 0.797980    0.000
 0.818182    0.000
 0.838384    0.000
 0.858586    0.000
 0.878788    0.000
 0.898990    0.000
 0.919192    0.000
 0.939394    0.000
 0.959596    0.000
 0.979798    0.000
 1.000000    0.000



# 150.000 deg  
-1.000000    0.000
-0.979798    0.000
-0.959596    0.000
-0.939394    0.000
-0.919192    0.000
-0.898990    0.000
-0.878788    0.000
-0.858586    0.000
-0.838384    0.000
-0.818182    0.000
-0.797980    0.000
-0.777778    0.000
-0.757576    0.000
-0.737374    0.000
-0.717172    0.000
-0.696970    0.787
-0.676768    2.558
-0.656566    4.294
-0.636364    6.033
-0.616162    6.914
-0.595960    5.198
-0.575758    3.090
-0.555556    2.135
-0.535354    1.606
-0.515152    1.254
-0.494949    0.992
-0.474747    0.807
-0.454545    0.678
-0.434343    0.546
-0.414141    0.415
-0.393939    0.334
-0.373737    0.296
-0.353535    0.289
-0.333333    0.319
-0.313131    0.364
-0.292929    0.407
-0.272727    0.506
-0.252525    0.872
-0.232323    1.038
-0.212121    1.126
-0.191919    1.169
-0.171717    1.187
-0.151515    1.193
-0.131313    1.194
-0.111111    1.184
-0.090909    1.154
-0.070707    1.133
-0.050505    1.134
-0.030303    1.142
-0.010101    1.162
 0.010101    1.197
 0.030303    1.232
 0.050505    1.253
 0.070707    1.244
 0.090909    1.174
 0.111111    0.987
 0.131313    0.540
 0.151515    0.503
 0.171717    0.465
 0.191919    0.423
 0.212121    0.361
 0.232323    0.308
 0.252525    0.287
 0.272727    0.286
 0.292929    0.296
 0.313131    0.320
 0.333333    0.360
 0.353535    0.408
 0.373737    0.442
 0.393939    0.497
 0.414141    0.565
 0.434343    0.626
 0.454545    0.699
 0.474747    0.818
 0.494949    1.033
 0.515152    1.430
 0.535354    2.157
 0.555556    3.289
 0.575758    4.692
 0.595960    6.745
 0.616162    7.665
 0.636364    6.575
 0.656566    5.190
 0.676768    3.469
 0.696970    1.123
 0.717172    0.000
 0.737374    0.000
 0.757576    0.000
 0.777778    0.000
 0.797980    0.000
 0.818182    0.000
 0.838384    0.000
 0.858586    0.000
 0.878788    0.000
 0.898990    0.000
 0.919192    0.000
 0.939394    0.000
 0.959596    0.000
 0.979798    0.000
 1.000000    0.000



# 180.000 deg  
-1.000000    0.000
-0.979798    0.000
-0.959596    0.000
-0.939394    0.000
-0.919192    0.000
-0.898990    0.000
-0.878788    0.000
-0.858586    0.000
-0.838384    0.000
-0.818182    0.000
-0.797980    0.000
-0.777778    0.000
-0.757576    0.000
-0.737374    0.000
-0.717172    0.000
-0.696970    0.489
-0.676768    1.789
-0.656566    2.843
-0.636364    3.451
-0.616162    3.715
-0.595960    3.063
-0.575758    2.062
-0.555556    1.472
-0.535354    1.007
-0.515152    0.687
-0.494949    0.515
-0.474747    0.426
-0.454545    0.373
-0.434343    0.346
-0.414141    0.356
-0.393939    0.584
-0.373737    0.882
-0.353535    1.061
-0.333333    1.150
-0.313131    1.181
-0.292929    1.177
-0.272727    1.158
-0.252525    1.143
-0.232323    1.151
-0.212121    1.185
-0.191919    1.208
-0.171717    1.206
-0.151515    1.202
-0.131313    1.218
-0.111111    1.247
-0.090909    1.268
-0.070707    1.273
-0.050505    1.258
-0.030303    1.193
-0.010101    0.996
 0.010101    0.625
 0.030303    0.615
 0.050505    0.578
 0.070707    0.509
 0.090909    0.438
 0.111111    0.398
 0.131313    0.371
 0.151515    0.346
 0.171717    0.324
 0.191919    0.309
 0.212121    0.305
 0.232323    0.322
 0.252525    0.374
 0.272727    0.457
 0.292929    0.502
 0.313131    0.511
 0.333333    0.506
 0.353535    0.500
 0.373737    0.501
 0.393939    0.523
 0.414141    0.596
 0.434343    0.736
 0.454545    0.868
 0.474747    0.989
 0.494949    1.150
 0.515152    1.372
 0.535354    1.688
 0.555556    2.155
 0.575758    2.814
 0.595960    4.064
 0.616162    4.838
 0.636364    4.137
 0.656566    3.059
 0.676768    1.891
 0.696970    0.584
 0.717172    0.000
 0.737374    0.000
 0.757576    0.000
 0.777778    0.000
 0.797980    0.000
 0.818182    0.000
 0.838384    0.000
 0.858586    0.000
 0.878788    0.000
 0.898990    0.000
 0.919192    0.000
 0.939394    0.000
 0.959596    0.000
 0.979798    0.000
 1.000000    0.000

