-1.000    0.000
-0.980    0.000
-0.960    0.000
-0.939    0.000
-0.919    0.000
-0.899    0.000
-0.879    0.000
-0.859    0.000
-0.838    0.000
-0.818    0.000
-0.798    0.000
-0.778    0.000
-0.758    0.000
-0.737    0.000
-0.717    0.000
-0.697    0.260
-0.677    0.715
-0.657    0.971
-0.636    1.166
-0.616    1.329
-0.596    1.191
-0.576    0.917
-0.556    0.797
-0.535    0.720
-0.515    0.665
-0.495    0.623
-0.475    0.590
-0.455    0.563
-0.434    0.540
-0.414    0.521
-0.394    0.504
-0.374    0.490
-0.354    0.478
-0.333    0.467
-0.313    0.457
-0.293    0.449
-0.273    0.441
-0.253    0.434
-0.232    0.429
-0.212    0.423
-0.192    0.419
-0.172    0.415
-0.152    0.411
-0.131    0.408
-0.111    0.406
-0.091    0.404
-0.071    0.402
-0.051    0.401
-0.030    0.400
-0.010    0.400
 0.010    0.400
 0.030    0.400
 0.051    0.401
 0.071    0.402
 0.091    0.733
 0.111    0.875
 0.131    0.972
 0.152    1.046
 0.172    1.104
 0.192    1.150
 0.212    1.185
 0.232    1.212
 0.253    1.230
 0.273    1.241
 0.293    1.245
 0.313    1.241
 0.333    1.230
 0.354    1.210
 0.374    1.182
 0.394    1.142
 0.414    1.088
 0.434    1.014
 0.455    0.900
 0.475    0.590
 0.495    0.623
 0.515    0.665
 0.535    0.720
 0.556    0.797
 0.576    0.917
 0.596    1.191
 0.616    1.329
 0.636    1.166
 0.657    0.971
 0.677    0.715
 0.697    0.260
 0.717    0.000
 0.737    0.000
 0.758    0.000
 0.778    0.000
 0.798    0.000
 0.818    0.000
 0.838    0.000
 0.859    0.000
 0.879    0.000
 0.899    0.000
 0.919    0.000
 0.939    0.000
 0.960    0.000
 0.980    0.000
 1.000    0.000

-1.000    0.000
-0.980    0.000
-0.960    0.000
-0.939    0.000
-0.919    0.000
-0.899    0.000
-0.879    0.000
-0.859    0.000
-0.838    0.000
-0.818    0.000
-0.798    0.000
-0.778    0.000
-0.758    0.000
-0.737    0.000
-0.717    0.000
-0.697    0.260
-0.677    0.715
-0.657    0.971
-0.636    1.166
-0.616    1.329
-0.596    1.191
-0.576    0.917
-0.556    0.797
-0.535    0.720
-0.515    0.665
-0.495    0.623
-0.475    0.590
-0.455    0.563
-0.434    0.540
-0.414    0.521
-0.394    0.504
-0.374    0.490
-0.354    0.478
-0.333    0.467
-0.313    0.457
-0.293    0.449
-0.273    0.441
-0.253    0.434
-0.232    0.429
-0.212    0.423
-0.192    0.419
-0.172    0.415
-0.152    0.411
-0.131    0.408
-0.111    0.406
-0.091    0.404
-0.071    0.402
-0.051    0.401
-0.030    0.400
-0.010    0.400
 0.010    0.400
 0.030    0.400
 0.051    0.401
 0.071    0.402
 0.091    0.733
 0.111    0.875
 0.131    0.972
 0.152    1.046
 0.172    1.104
 0.192    1.150
 0.212    1.185
 0.232    1.212
 0.253    1.230
 0.273    1.241
 0.293    1.245
 0.313    1.241
 0.333    1.230
 0.354    1.210
 0.374    1.182
 0.394    1.142
 0.414    1.088
 0.434    1.014
 0.455    0.900
 0.475    0.590
 0.495    0.623
 0.515    0.665
 0.535    0.720
 0.556    0.797
 0.576    0.917
 0.596    1.191
 0.616    1.329
 0.636    1.166
 0.657    0.971
 0.677    0.715
 0.697    0.260
 0.717    0.000
 0.737    0.000
 0.758    0.000
 0.778    0.000
 0.798    0.000
 0.818    0.000
 0.838    0.000
 0.859    0.000
 0.879    0.000
 0.899    0.000
 0.919    0.000
 0.939    0.000
 0.960    0.000
 0.980    0.000
 1.000    0.000

-1.000    0.000
-0.980    0.000
-0.960    0.000
-0.939    0.000
-0.919    0.000
-0.899    0.000
-0.879    0.000
-0.859    0.000
-0.838    0.000
-0.818    0.000
-0.798    0.000
-0.778    0.000
-0.758    0.000
-0.737    0.000
-0.717    0.000
-0.697    0.260
-0.677    0.715
-0.657    0.971
-0.636    1.166
-0.616    1.329
-0.596    1.191
-0.576    0.917
-0.556    0.797
-0.535    0.720
-0.515    0.665
-0.495    0.623
-0.475    0.590
-0.455    0.563
-0.434    0.540
-0.414    0.521
-0.394    0.504
-0.374    0.490
-0.354    0.478
-0.333    0.467
-0.313    0.457
-0.293    0.449
-0.273    0.441
-0.253    0.434
-0.232    0.429
-0.212    0.423
-0.192    0.419
-0.172    0.415
-0.152    0.411
-0.131    0.408
-0.111    0.406
-0.091    0.404
-0.071    0.402
-0.051    0.401
-0.030    0.400
-0.010    0.400
 0.010    0.651
 0.030    0.824
 0.051    0.933
 0.071    1.013
 0.091    1.075
 0.111    1.123
 0.131    1.160
 0.152    1.188
 0.172    1.207
 0.192    1.218
 0.212    1.222
 0.232    1.218
 0.253    1.206
 0.273    1.186
 0.293    1.157
 0.313    1.117
 0.333    1.063
 0.354    0.990
 0.374    0.886
 0.394    0.700
 0.414    0.521
 0.434    0.540
 0.455    0.563
 0.475    0.590
 0.495    0.623
 0.515    0.665
 0.535    0.720
 0.556    0.797
 0.576    0.917
 0.596    1.191
 0.616    1.329
 0.636    1.166
 0.657    0.971
 0.677    0.715
 0.697    0.260
 0.717    0.000
 0.737    0.000
 0.758    0.000
 0.778    0.000
 0.798    0.000
 0.818    0.000
 0.838    0.000
 0.859    0.000
 0.879    0.000
 0.899    0.000
 0.919    0.000
 0.939    0.000
 0.960    0.000
 0.980    0.000
 1.000    0.000

-1.000    0.000
-0.980    0.000
-0.960    0.000
-0.939    0.000
-0.919    0.000
-0.899    0.000
-0.879    0.000
-0.859    0.000
-0.838    0.000
-0.818    0.000
-0.798    0.000
-0.778    0.000
-0.758    0.000
-0.737    0.000
-0.717    0.000
-0.697    0.260
-0.677    0.715
-0.657    0.971
-0.636    1.166
-0.616    1.329
-0.596    1.191
-0.576    0.917
-0.556    0.797
-0.535    0.720
-0.515    0.665
-0.495    0.623
-0.475    0.590
-0.455    0.563
-0.434    0.540
-0.414    0.521
-0.394    0.504
-0.374    0.490
-0.354    0.478
-0.333    0.467
-0.313    0.457
-0.293    0.449
-0.273    0.441
-0.253    0.434
-0.232    0.429
-0.212    0.423
-0.192    0.419
-0.172    0.415
-0.152    0.411
-0.131    0.408
-0.111    0.717
-0.091    0.861
-0.071    0.958
-0.051    1.030
-0.030    1.085
-0.010    1.127
 0.010    1.159
 0.030    1.182
 0.051    1.196
 0.071    1.202
 0.091    1.201
 0.111    1.192
 0.131    1.174
 0.152    1.148
 0.172    1.111
 0.192    1.063
 0.212    0.999
 0.232    0.913
 0.253    0.789
 0.273    0.496
 0.293    0.449
 0.313    0.457
 0.333    0.467
 0.354    0.478
 0.374    0.490
 0.394    0.504
 0.414    0.521
 0.434    0.540
 0.455    0.563
 0.475    0.590
 0.495    0.623
 0.515    0.665
 0.535    0.720
 0.556    0.797
 0.576    0.917
 0.596    1.191
 0.616    1.329
 0.636    1.166
 0.657    0.971
 0.677    0.715
 0.697    0.260
 0.717    0.000
 0.737    0.000
 0.758    0.000
 0.778    0.000
 0.798    0.000
 0.818    0.000
 0.838    0.000
 0.859    0.000
 0.879    0.000
 0.899    0.000
 0.919    0.000
 0.939    0.000
 0.960    0.000
 0.980    0.000
 1.000    0.000

-1.000    0.000
-0.980    0.000
-0.960    0.000
-0.939    0.000
-0.919    0.000
-0.899    0.000
-0.879    0.000
-0.859    0.000
-0.838    0.000
-0.818    0.000
-0.798    0.000
-0.778    0.000
-0.758    0.000
-0.737    0.000
-0.717    0.000
-0.697    0.260
-0.677    0.715
-0.657    0.971
-0.636    1.166
-0.616    1.329
-0.596    1.191
-0.576    0.917
-0.556    0.797
-0.535    0.720
-0.515    0.665
-0.495    0.623
-0.475    0.590
-0.455    0.563
-0.434    0.540
-0.414    0.521
-0.394    0.504
-0.374    0.490
-0.354    0.478
-0.333    0.467
-0.313    0.457
-0.293    0.449
-0.273    0.496
-0.253    0.789
-0.232    0.913
-0.212    0.999
-0.192    1.063
-0.172    1.111
-0.152    1.148
-0.131    1.174
-0.111    1.192
-0.091    1.201
-0.071    1.202
-0.051    1.196
-0.030    1.182
-0.010    1.159
 0.010    1.127
 0.030    1.085
 0.051    1.030
 0.071    0.958
 0.091    0.861
 0.111    0.717
 0.131    0.408
 0.152    0.411
 0.172    0.415
 0.192    0.419
 0.212    0.423
 0.232    0.429
 0.253    0.434
 0.273    0.441
 0.293    0.449
 0.313    0.457
 0.333    0.467
 0.354    0.478
 0.374    0.490
 0.394    0.504
 0.414    0.521
 0.434    0.540
 0.455    0.563
 0.475    0.590
 0.495    0.623
 0.515    0.665
 0.535    0.720
 0.556    0.797
 0.576    0.917
 0.596    1.191
 0.616    1.329
 0.636    1.166
 0.657    0.971
 0.677    0.715
 0.697    0.260
 0.717    0.000
 0.737    0.000
 0.758    0.000
 0.778    0.000
 0.798    0.000
 0.818    0.000
 0.838    0.000
 0.859    0.000
 0.879    0.000
 0.899    0.000
 0.919    0.000
 0.939    0.000
 0.960    0.000
 0.980    0.000
 1.000    0.000

-1.000    0.000
-0.980    0.000
-0.960    0.000
-0.939    0.000
-0.919    0.000
-0.899    0.000
-0.879    0.000
-0.859    0.000
-0.838    0.000
-0.818    0.000
-0.798    0.000
-0.778    0.000
-0.758    0.000
-0.737    0.000
-0.717    0.000
-0.697    0.260
-0.677    0.715
-0.657    0.971
-0.636    1.166
-0.616    1.329
-0.596    1.191
-0.576    0.917
-0.556    0.797
-0.535    0.720
-0.515    0.665
-0.495    0.623
-0.475    0.590
-0.455    0.563
-0.434    0.540
-0.414    0.521
-0.394    0.700
-0.374    0.886
-0.354    0.990
-0.333    1.063
-0.313    1.117
-0.293    1.157
-0.273    1.186
-0.253    1.206
-0.232    1.218
-0.212    1.222
-0.192    1.218
-0.172    1.207
-0.152    1.188
-0.131    1.160
-0.111    1.123
-0.091    1.075
-0.071    1.013
-0.051    0.933
-0.030    0.824
-0.010    0.651
 0.010    0.400
 0.030    0.400
 0.051    0.401
 0.071    0.402
 0.091    0.404
 0.111    0.406
 0.131    0.408
 0.152    0.411
 0.172    0.415
 0.192    0.419
 0.212    0.423
 0.232    0.429
 0.253    0.434
 0.273    0.441
 0.293    0.449
 0.313    0.457
 0.333    0.467
 0.354    0.478
 0.374    0.490
 0.394    0.504
 0.414    0.521
 0.434    0.540
 0.455    0.563
 0.475    0.590
 0.495    0.623
 0.515    0.665
 0.535    0.720
 0.556    0.797
 0.576    0.917
 0.596    1.191
 0.616    1.329
 0.636    1.166
 0.657    0.971
 0.677    0.715
 0.697    0.260
 0.717    0.000
 0.737    0.000
 0.758    0.000
 0.778    0.000
 0.798    0.000
 0.818    0.000
 0.838    0.000
 0.859    0.000
 0.879    0.000
 0.899    0.000
 0.919    0.000
 0.939    0.000
 0.960    0.000
 0.980    0.000
 1.000    0.000

