-1.000   30.000    0.000
-1.000   60.000    0.000
-1.000   90.000    0.000
-1.000   120.000    0.000
-1.000   150.000    0.000
-1.000   180.000    0.000

-0.980   30.000    0.000
-0.980   60.000    0.000
-0.980   90.000    0.000
-0.980   120.000    0.000
-0.980   150.000    0.000
-0.980   180.000    0.000

-0.960   30.000    0.000
-0.960   60.000    0.000
-0.960   90.000    0.000
-0.960   120.000    0.000
-0.960   150.000    0.000
-0.960   180.000    0.000

-0.939   30.000    0.000
-0.939   60.000    0.000
-0.939   90.000    0.000
-0.939   120.000    0.000
-0.939   150.000    0.000
-0.939   180.000    0.000

-0.919   30.000    0.000
-0.919   60.000    0.000
-0.919   90.000    0.000
-0.919   120.000    0.000
-0.919   150.000    0.000
-0.919   180.000    0.000

-0.899   30.000    0.000
-0.899   60.000    0.000
-0.899   90.000    0.000
-0.899   120.000    0.000
-0.899   150.000    0.000
-0.899   180.000    0.000

-0.879   30.000    0.000
-0.879   60.000    0.000
-0.879   90.000    0.000
-0.879   120.000    0.000
-0.879   150.000    0.000
-0.879   180.000    0.000

-0.859   30.000    0.000
-0.859   60.000    0.000
-0.859   90.000    0.000
-0.859   120.000    0.000
-0.859   150.000    0.000
-0.859   180.000    0.000

-0.838   30.000    0.000
-0.838   60.000    0.000
-0.838   90.000    0.000
-0.838   120.000    0.000
-0.838   150.000    0.000
-0.838   180.000    0.000

-0.818   30.000    0.000
-0.818   60.000    0.000
-0.818   90.000    0.000
-0.818   120.000    0.000
-0.818   150.000    0.000
-0.818   180.000    0.000

-0.798   30.000    0.000
-0.798   60.000    0.000
-0.798   90.000    0.000
-0.798   120.000    0.000
-0.798   150.000    0.000
-0.798   180.000    0.000

-0.778   30.000    0.000
-0.778   60.000    0.000
-0.778   90.000    0.000
-0.778   120.000    0.000
-0.778   150.000    0.000
-0.778   180.000    0.000

-0.758   30.000    0.000
-0.758   60.000    0.000
-0.758   90.000    0.000
-0.758   120.000    0.000
-0.758   150.000    0.000
-0.758   180.000    0.000

-0.737   30.000    0.000
-0.737   60.000    0.000
-0.737   90.000    0.000
-0.737   120.000    0.000
-0.737   150.000    0.000
-0.737   180.000    0.000

-0.717   30.000    0.000
-0.717   60.000    0.000
-0.717   90.000    0.000
-0.717   120.000    0.000
-0.717   150.000    0.000
-0.717   180.000    0.000

-0.697   30.000    0.196
-0.697   60.000    0.196
-0.697   90.000    0.196
-0.697   120.000    0.196
-0.697   150.000    0.196
-0.697   180.000    0.196

-0.677   30.000    0.538
-0.677   60.000    0.538
-0.677   90.000    0.538
-0.677   120.000    0.538
-0.677   150.000    0.538
-0.677   180.000    0.538

-0.657   30.000    0.731
-0.657   60.000    0.731
-0.657   90.000    0.731
-0.657   120.000    0.731
-0.657   150.000    0.731
-0.657   180.000    0.731

-0.636   30.000    0.878
-0.636   60.000    0.878
-0.636   90.000    0.878
-0.636   120.000    0.878
-0.636   150.000    0.878
-0.636   180.000    0.878

-0.616   30.000    1.000
-0.616   60.000    1.000
-0.616   90.000    1.000
-0.616   120.000    1.000
-0.616   150.000    1.000
-0.616   180.000    1.000

-0.596   30.000    0.896
-0.596   60.000    0.896
-0.596   90.000    0.896
-0.596   120.000    0.896
-0.596   150.000    0.896
-0.596   180.000    0.896

-0.576   30.000    0.690
-0.576   60.000    0.690
-0.576   90.000    0.690
-0.576   120.000    0.690
-0.576   150.000    0.690
-0.576   180.000    0.690

-0.556   30.000    0.600
-0.556   60.000    0.600
-0.556   90.000    0.600
-0.556   120.000    0.600
-0.556   150.000    0.600
-0.556   180.000    0.600

-0.535   30.000    0.542
-0.535   60.000    0.542
-0.535   90.000    0.542
-0.535   120.000    0.542
-0.535   150.000    0.542
-0.535   180.000    0.542

-0.515   30.000    0.501
-0.515   60.000    0.501
-0.515   90.000    0.501
-0.515   120.000    0.501
-0.515   150.000    0.501
-0.515   180.000    0.501

-0.495   30.000    0.469
-0.495   60.000    0.469
-0.495   90.000    0.469
-0.495   120.000    0.469
-0.495   150.000    0.469
-0.495   180.000    0.469

-0.475   30.000    0.444
-0.475   60.000    0.444
-0.475   90.000    0.444
-0.475   120.000    0.444
-0.475   150.000    0.444
-0.475   180.000    0.444

-0.455   30.000    0.424
-0.455   60.000    0.424
-0.455   90.000    0.424
-0.455   120.000    0.424
-0.455   150.000    0.424
-0.455   180.000    0.424

-0.434   30.000    0.406
-0.434   60.000    0.406
-0.434   90.000    0.406
-0.434   120.000    0.406
-0.434   150.000    0.406
-0.434   180.000    0.406

-0.414   30.000    0.392
-0.414   60.000    0.392
-0.414   90.000    0.392
-0.414   120.000    0.392
-0.414   150.000    0.392
-0.414   180.000    0.392

-0.394   30.000    0.380
-0.394   60.000    0.380
-0.394   90.000    0.380
-0.394   120.000    0.380
-0.394   150.000    0.380
-0.394   180.000    0.527

-0.374   30.000    0.369
-0.374   60.000    0.369
-0.374   90.000    0.369
-0.374   120.000    0.369
-0.374   150.000    0.369
-0.374   180.000    0.667

-0.354   30.000    0.359
-0.354   60.000    0.359
-0.354   90.000    0.359
-0.354   120.000    0.359
-0.354   150.000    0.359
-0.354   180.000    0.745

-0.333   30.000    0.351
-0.333   60.000    0.351
-0.333   90.000    0.351
-0.333   120.000    0.351
-0.333   150.000    0.351
-0.333   180.000    0.800

-0.313   30.000    0.344
-0.313   60.000    0.344
-0.313   90.000    0.344
-0.313   120.000    0.344
-0.313   150.000    0.344
-0.313   180.000    0.840

-0.293   30.000    0.338
-0.293   60.000    0.338
-0.293   90.000    0.338
-0.293   120.000    0.338
-0.293   150.000    0.338
-0.293   180.000    0.871

-0.273   30.000    0.332
-0.273   60.000    0.332
-0.273   90.000    0.332
-0.273   120.000    0.332
-0.273   150.000    0.373
-0.273   180.000    0.893

-0.253   30.000    0.327
-0.253   60.000    0.327
-0.253   90.000    0.327
-0.253   120.000    0.327
-0.253   150.000    0.594
-0.253   180.000    0.908

-0.232   30.000    0.322
-0.232   60.000    0.322
-0.232   90.000    0.322
-0.232   120.000    0.322
-0.232   150.000    0.687
-0.232   180.000    0.917

-0.212   30.000    0.319
-0.212   60.000    0.319
-0.212   90.000    0.319
-0.212   120.000    0.319
-0.212   150.000    0.752
-0.212   180.000    0.920

-0.192   30.000    0.315
-0.192   60.000    0.315
-0.192   90.000    0.315
-0.192   120.000    0.315
-0.192   150.000    0.800
-0.192   180.000    0.917

-0.172   30.000    0.312
-0.172   60.000    0.312
-0.172   90.000    0.312
-0.172   120.000    0.312
-0.172   150.000    0.836
-0.172   180.000    0.908

-0.152   30.000    0.310
-0.152   60.000    0.310
-0.152   90.000    0.310
-0.152   120.000    0.310
-0.152   150.000    0.864
-0.152   180.000    0.894

-0.131   30.000    0.307
-0.131   60.000    0.307
-0.131   90.000    0.307
-0.131   120.000    0.307
-0.131   150.000    0.884
-0.131   180.000    0.873

-0.111   30.000    0.306
-0.111   60.000    0.306
-0.111   90.000    0.306
-0.111   120.000    0.539
-0.111   150.000    0.897
-0.111   180.000    0.845

-0.091   30.000    0.304
-0.091   60.000    0.304
-0.091   90.000    0.304
-0.091   120.000    0.648
-0.091   150.000    0.904
-0.091   180.000    0.809

-0.071   30.000    0.303
-0.071   60.000    0.303
-0.071   90.000    0.303
-0.071   120.000    0.721
-0.071   150.000    0.905
-0.071   180.000    0.762

-0.051   30.000    0.302
-0.051   60.000    0.302
-0.051   90.000    0.302
-0.051   120.000    0.775
-0.051   150.000    0.900
-0.051   180.000    0.702

-0.030   30.000    0.301
-0.030   60.000    0.301
-0.030   90.000    0.301
-0.030   120.000    0.817
-0.030   150.000    0.889
-0.030   180.000    0.620

-0.010   30.000    0.301
-0.010   60.000    0.301
-0.010   90.000    0.301
-0.010   120.000    0.848
-0.010   150.000    0.872
-0.010   180.000    0.490

 0.010   30.000    0.301
 0.010   60.000    0.301
 0.010   90.000    0.490
 0.010   120.000    0.872
 0.010   150.000    0.848
 0.010   180.000    0.301

 0.030   30.000    0.301
 0.030   60.000    0.301
 0.030   90.000    0.620
 0.030   120.000    0.889
 0.030   150.000    0.817
 0.030   180.000    0.301

 0.051   30.000    0.302
 0.051   60.000    0.302
 0.051   90.000    0.702
 0.051   120.000    0.900
 0.051   150.000    0.775
 0.051   180.000    0.302

 0.071   30.000    0.303
 0.071   60.000    0.303
 0.071   90.000    0.762
 0.071   120.000    0.905
 0.071   150.000    0.721
 0.071   180.000    0.303

 0.091   30.000    0.552
 0.091   60.000    0.552
 0.091   90.000    0.809
 0.091   120.000    0.904
 0.091   150.000    0.648
 0.091   180.000    0.304

 0.111   30.000    0.658
 0.111   60.000    0.658
 0.111   90.000    0.845
 0.111   120.000    0.897
 0.111   150.000    0.539
 0.111   180.000    0.306

 0.131   30.000    0.732
 0.131   60.000    0.732
 0.131   90.000    0.873
 0.131   120.000    0.884
 0.131   150.000    0.307
 0.131   180.000    0.307

 0.152   30.000    0.787
 0.152   60.000    0.787
 0.152   90.000    0.894
 0.152   120.000    0.864
 0.152   150.000    0.310
 0.152   180.000    0.310

 0.172   30.000    0.831
 0.172   60.000    0.831
 0.172   90.000    0.908
 0.172   120.000    0.836
 0.172   150.000    0.312
 0.172   180.000    0.312

 0.192   30.000    0.865
 0.192   60.000    0.865
 0.192   90.000    0.917
 0.192   120.000    0.800
 0.192   150.000    0.315
 0.192   180.000    0.315

 0.212   30.000    0.892
 0.212   60.000    0.892
 0.212   90.000    0.920
 0.212   120.000    0.752
 0.212   150.000    0.319
 0.212   180.000    0.319

 0.232   30.000    0.912
 0.232   60.000    0.912
 0.232   90.000    0.917
 0.232   120.000    0.687
 0.232   150.000    0.322
 0.232   180.000    0.322

 0.253   30.000    0.926
 0.253   60.000    0.926
 0.253   90.000    0.908
 0.253   120.000    0.594
 0.253   150.000    0.327
 0.253   180.000    0.327

 0.273   30.000    0.934
 0.273   60.000    0.934
 0.273   90.000    0.893
 0.273   120.000    0.373
 0.273   150.000    0.332
 0.273   180.000    0.332

 0.293   30.000    0.937
 0.293   60.000    0.937
 0.293   90.000    0.871
 0.293   120.000    0.338
 0.293   150.000    0.338
 0.293   180.000    0.338

 0.313   30.000    0.934
 0.313   60.000    0.934
 0.313   90.000    0.840
 0.313   120.000    0.344
 0.313   150.000    0.344
 0.313   180.000    0.344

 0.333   30.000    0.925
 0.333   60.000    0.925
 0.333   90.000    0.800
 0.333   120.000    0.351
 0.333   150.000    0.351
 0.333   180.000    0.351

 0.354   30.000    0.911
 0.354   60.000    0.911
 0.354   90.000    0.745
 0.354   120.000    0.359
 0.354   150.000    0.359
 0.354   180.000    0.359

 0.374   30.000    0.889
 0.374   60.000    0.889
 0.374   90.000    0.667
 0.374   120.000    0.369
 0.374   150.000    0.369
 0.374   180.000    0.369

 0.394   30.000    0.860
 0.394   60.000    0.860
 0.394   90.000    0.527
 0.394   120.000    0.380
 0.394   150.000    0.380
 0.394   180.000    0.380

 0.414   30.000    0.819
 0.414   60.000    0.819
 0.414   90.000    0.392
 0.414   120.000    0.392
 0.414   150.000    0.392
 0.414   180.000    0.392

 0.434   30.000    0.763
 0.434   60.000    0.763
 0.434   90.000    0.406
 0.434   120.000    0.406
 0.434   150.000    0.406
 0.434   180.000    0.406

 0.455   30.000    0.677
 0.455   60.000    0.677
 0.455   90.000    0.424
 0.455   120.000    0.424
 0.455   150.000    0.424
 0.455   180.000    0.424

 0.475   30.000    0.444
 0.475   60.000    0.444
 0.475   90.000    0.444
 0.475   120.000    0.444
 0.475   150.000    0.444
 0.475   180.000    0.444

 0.495   30.000    0.469
 0.495   60.000    0.469
 0.495   90.000    0.469
 0.495   120.000    0.469
 0.495   150.000    0.469
 0.495   180.000    0.469

 0.515   30.000    0.501
 0.515   60.000    0.501
 0.515   90.000    0.501
 0.515   120.000    0.501
 0.515   150.000    0.501
 0.515   180.000    0.501

 0.535   30.000    0.542
 0.535   60.000    0.542
 0.535   90.000    0.542
 0.535   120.000    0.542
 0.535   150.000    0.542
 0.535   180.000    0.542

 0.556   30.000    0.600
 0.556   60.000    0.600
 0.556   90.000    0.600
 0.556   120.000    0.600
 0.556   150.000    0.600
 0.556   180.000    0.600

 0.576   30.000    0.690
 0.576   60.000    0.690
 0.576   90.000    0.690
 0.576   120.000    0.690
 0.576   150.000    0.690
 0.576   180.000    0.690

 0.596   30.000    0.896
 0.596   60.000    0.896
 0.596   90.000    0.896
 0.596   120.000    0.896
 0.596   150.000    0.896
 0.596   180.000    0.896

 0.616   30.000    1.000
 0.616   60.000    1.000
 0.616   90.000    1.000
 0.616   120.000    1.000
 0.616   150.000    1.000
 0.616   180.000    1.000

 0.636   30.000    0.878
 0.636   60.000    0.878
 0.636   90.000    0.878
 0.636   120.000    0.878
 0.636   150.000    0.878
 0.636   180.000    0.878

 0.657   30.000    0.731
 0.657   60.000    0.731
 0.657   90.000    0.731
 0.657   120.000    0.731
 0.657   150.000    0.731
 0.657   180.000    0.731

 0.677   30.000    0.538
 0.677   60.000    0.538
 0.677   90.000    0.538
 0.677   120.000    0.538
 0.677   150.000    0.538
 0.677   180.000    0.538

 0.697   30.000    0.196
 0.697   60.000    0.196
 0.697   90.000    0.196
 0.697   120.000    0.196
 0.697   150.000    0.196
 0.697   180.000    0.196

 0.717   30.000    0.000
 0.717   60.000    0.000
 0.717   90.000    0.000
 0.717   120.000    0.000
 0.717   150.000    0.000
 0.717   180.000    0.000

 0.737   30.000    0.000
 0.737   60.000    0.000
 0.737   90.000    0.000
 0.737   120.000    0.000
 0.737   150.000    0.000
 0.737   180.000    0.000

 0.758   30.000    0.000
 0.758   60.000    0.000
 0.758   90.000    0.000
 0.758   120.000    0.000
 0.758   150.000    0.000
 0.758   180.000    0.000

 0.778   30.000    0.000
 0.778   60.000    0.000
 0.778   90.000    0.000
 0.778   120.000    0.000
 0.778   150.000    0.000
 0.778   180.000    0.000

 0.798   30.000    0.000
 0.798   60.000    0.000
 0.798   90.000    0.000
 0.798   120.000    0.000
 0.798   150.000    0.000
 0.798   180.000    0.000

 0.818   30.000    0.000
 0.818   60.000    0.000
 0.818   90.000    0.000
 0.818   120.000    0.000
 0.818   150.000    0.000
 0.818   180.000    0.000

 0.838   30.000    0.000
 0.838   60.000    0.000
 0.838   90.000    0.000
 0.838   120.000    0.000
 0.838   150.000    0.000
 0.838   180.000    0.000

 0.859   30.000    0.000
 0.859   60.000    0.000
 0.859   90.000    0.000
 0.859   120.000    0.000
 0.859   150.000    0.000
 0.859   180.000    0.000

 0.879   30.000    0.000
 0.879   60.000    0.000
 0.879   90.000    0.000
 0.879   120.000    0.000
 0.879   150.000    0.000
 0.879   180.000    0.000

 0.899   30.000    0.000
 0.899   60.000    0.000
 0.899   90.000    0.000
 0.899   120.000    0.000
 0.899   150.000    0.000
 0.899   180.000    0.000

 0.919   30.000    0.000
 0.919   60.000    0.000
 0.919   90.000    0.000
 0.919   120.000    0.000
 0.919   150.000    0.000
 0.919   180.000    0.000

 0.939   30.000    0.000
 0.939   60.000    0.000
 0.939   90.000    0.000
 0.939   120.000    0.000
 0.939   150.000    0.000
 0.939   180.000    0.000

 0.960   30.000    0.000
 0.960   60.000    0.000
 0.960   90.000    0.000
 0.960   120.000    0.000
 0.960   150.000    0.000
 0.960   180.000    0.000

 0.980   30.000    0.000
 0.980   60.000    0.000
 0.980   90.000    0.000
 0.980   120.000    0.000
 0.980   150.000    0.000
 0.980   180.000    0.000

 1.000   30.000    0.000
 1.000   60.000    0.000
 1.000   90.000    0.000
 1.000   120.000    0.000
 1.000   150.000    0.000
 1.000   180.000    0.000

