# nproj 6, npos 100   


# 30.000 deg  
-1.000000    0.000
-0.979798    0.000
-0.959596    0.000
-0.939394    0.000
-0.919192    0.000
-0.898990    0.000
-0.878788    0.000
-0.858586    0.000
-0.838384    0.000
-0.818182    0.000
-0.797980    0.000
-0.777778    0.000
-0.757576    0.000
-0.737374    0.000
-0.717172    0.000
-0.696970    0.260
-0.676768    0.715
-0.656566    0.971
-0.636364    1.166
-0.616162    1.329
-0.595960    1.191
-0.575758    0.917
-0.555556    0.797
-0.535354    0.720
-0.515152    0.665
-0.494949    0.623
-0.474747    0.590
-0.454545    0.563
-0.434343    0.540
-0.414141    0.521
-0.393939    0.504
-0.373737    0.490
-0.353535    0.478
-0.333333    0.467
-0.313131    0.457
-0.292929    0.449
-0.272727    0.441
-0.252525    0.434
-0.232323    0.429
-0.212121    0.423
-0.191919    0.419
-0.171717    0.415
-0.151515    0.411
-0.131313    0.408
-0.111111    0.406
-0.090909    0.404
-0.070707    0.402
-0.050505    0.401
-0.030303    0.400
-0.010101    0.400
 0.010101    0.400
 0.030303    0.400
 0.050505    0.401
 0.070707    0.402
 0.090909    0.733
 0.111111    0.875
 0.131313    0.972
 0.151515    1.046
 0.171717    1.104
 0.191919    1.150
 0.212121    1.185
 0.232323    1.212
 0.252525    1.230
 0.272727    1.241
 0.292929    1.245
 0.313131    1.241
 0.333333    1.230
 0.353535    1.210
 0.373737    1.182
 0.393939    1.142
 0.414141    1.088
 0.434343    1.014
 0.454545    0.900
 0.474747    0.590
 0.494949    0.623
 0.515152    0.665
 0.535354    0.720
 0.555556    0.797
 0.575758    0.917
 0.595960    1.191
 0.616162    1.329
 0.636364    1.166
 0.656566    0.971
 0.676768    0.715
 0.696970    0.260
 0.717172    0.000
 0.737374    0.000
 0.757576    0.000
 0.777778    0.000
 0.797980    0.000
 0.818182    0.000
 0.838384    0.000
 0.858586    0.000
 0.878788    0.000
 0.898990    0.000
 0.919192    0.000
 0.939394    0.000
 0.959596    0.000
 0.979798    0.000
 1.000000    0.000



# 60.000 deg  
-1.000000    0.000
-0.979798    0.000
-0.959596    0.000
-0.939394    0.000
-0.919192    0.000
-0.898990    0.000
-0.878788    0.000
-0.858586    0.000
-0.838384    0.000
-0.818182    0.000
-0.797980    0.000
-0.777778    0.000
-0.757576    0.000
-0.737374    0.000
-0.717172    0.000
-0.696970    0.260
-0.676768    0.715
-0.656566    0.971
-0.636364    1.166
-0.616162    1.329
-0.595960    1.191
-0.575758    0.917
-0.555556    0.797
-0.535354    0.720
-0.515152    0.665
-0.494949    0.623
-0.474747    0.590
-0.454545    0.563
-0.434343    0.540
-0.414141    0.521
-0.393939    0.504
-0.373737    0.490
-0.353535    0.478
-0.333333    0.467
-0.313131    0.457
-0.292929    0.449
-0.272727    0.441
-0.252525    0.434
-0.232323    0.429
-0.212121    0.423
-0.191919    0.419
-0.171717    0.415
-0.151515    0.411
-0.131313    0.408
-0.111111    0.406
-0.090909    0.404
-0.070707    0.402
-0.050505    0.401
-0.030303    0.400
-0.010101    0.400
 0.010101    0.400
 0.030303    0.400
 0.050505    0.401
 0.070707    0.402
 0.090909    0.733
 0.111111    0.875
 0.131313    0.972
 0.151515    1.046
 0.171717    1.104
 0.191919    1.150
 0.212121    1.185
 0.232323    1.212
 0.252525    1.230
 0.272727    1.241
 0.292929    1.245
 0.313131    1.241
 0.333333    1.230
 0.353535    1.210
 0.373737    1.182
 0.393939    1.142
 0.414141    1.088
 0.434343    1.014
 0.454545    0.900
 0.474747    0.590
 0.494949    0.623
 0.515152    0.665
 0.535354    0.720
 0.555556    0.797
 0.575758    0.917
 0.595960    1.191
 0.616162    1.329
 0.636364    1.166
 0.656566    0.971
 0.676768    0.715
 0.696970    0.260
 0.717172    0.000
 0.737374    0.000
 0.757576    0.000
 0.777778    0.000
 0.797980    0.000
 0.818182    0.000
 0.838384    0.000
 0.858586    0.000
 0.878788    0.000
 0.898990    0.000
 0.919192    0.000
 0.939394    0.000
 0.959596    0.000
 0.979798    0.000
 1.000000    0.000



# 90.000 deg  
-1.000000    0.000
-0.979798    0.000
-0.959596    0.000
-0.939394    0.000
-0.919192    0.000
-0.898990    0.000
-0.878788    0.000
-0.858586    0.000
-0.838384    0.000
-0.818182    0.000
-0.797980    0.000
-0.777778    0.000
-0.757576    0.000
-0.737374    0.000
-0.717172    0.000
-0.696970    0.260
-0.676768    0.715
-0.656566    0.971
-0.636364    1.166
-0.616162    1.329
-0.595960    1.191
-0.575758    0.917
-0.555556    0.797
-0.535354    0.720
-0.515152    0.665
-0.494949    0.623
-0.474747    0.590
-0.454545    0.563
-0.434343    0.540
-0.414141    0.521
-0.393939    0.504
-0.373737    0.490
-0.353535    0.478
-0.333333    0.467
-0.313131    0.457
-0.292929    0.449
-0.272727    0.441
-0.252525    0.434
-0.232323    0.429
-0.212121    0.423
-0.191919    0.419
-0.171717    0.415
-0.151515    0.411
-0.131313    0.408
-0.111111    0.406
-0.090909    0.404
-0.070707    0.402
-0.050505    0.401
-0.030303    0.400
-0.010101    0.400
 0.010101    0.651
 0.030303    0.824
 0.050505    0.933
 0.070707    1.013
 0.090909    1.075
 0.111111    1.123
 0.131313    1.160
 0.151515    1.188
 0.171717    1.207
 0.191919    1.218
 0.212121    1.222
 0.232323    1.218
 0.252525    1.206
 0.272727    1.186
 0.292929    1.157
 0.313131    1.117
 0.333333    1.063
 0.353535    0.990
 0.373737    0.886
 0.393939    0.700
 0.414141    0.521
 0.434343    0.540
 0.454545    0.563
 0.474747    0.590
 0.494949    0.623
 0.515152    0.665
 0.535354    0.720
 0.555556    0.797
 0.575758    0.917
 0.595960    1.191
 0.616162    1.329
 0.636364    1.166
 0.656566    0.971
 0.676768    0.715
 0.696970    0.260
 0.717172    0.000
 0.737374    0.000
 0.757576    0.000
 0.777778    0.000
 0.797980    0.000
 0.818182    0.000
 0.838384    0.000
 0.858586    0.000
 0.878788    0.000
 0.898990    0.000
 0.919192    0.000
 0.939394    0.000
 0.959596    0.000
 0.979798    0.000
 1.000000    0.000



# 120.000 deg  
-1.000000    0.000
-0.979798    0.000
-0.959596    0.000
-0.939394    0.000
-0.919192    0.000
-0.898990    0.000
-0.878788    0.000
-0.858586    0.000
-0.838384    0.000
-0.818182    0.000
-0.797980    0.000
-0.777778    0.000
-0.757576    0.000
-0.737374    0.000
-0.717172    0.000
-0.696970    0.260
-0.676768    0.715
-0.656566    0.971
-0.636364    1.166
-0.616162    1.329
-0.595960    1.191
-0.575758    0.917
-0.555556    0.797
-0.535354    0.720
-0.515152    0.665
-0.494949    0.623
-0.474747    0.590
-0.454545    0.563
-0.434343    0.540
-0.414141    0.521
-0.393939    0.504
-0.373737    0.490
-0.353535    0.478
-0.333333    0.467
-0.313131    0.457
-0.292929    0.449
-0.272727    0.441
-0.252525    0.434
-0.232323    0.429
-0.212121    0.423
-0.191919    0.419
-0.171717    0.415
-0.151515    0.411
-0.131313    0.408
-0.111111    0.717
-0.090909    0.861
-0.070707    0.958
-0.050505    1.030
-0.030303    1.085
-0.010101    1.127
 0.010101    1.159
 0.030303    1.182
 0.050505    1.196
 0.070707    1.202
 0.090909    1.201
 0.111111    1.192
 0.131313    1.174
 0.151515    1.148
 0.171717    1.111
 0.191919    1.063
 0.212121    0.999
 0.232323    0.913
 0.252525    0.789
 0.272727    0.496
 0.292929    0.449
 0.313131    0.457
 0.333333    0.467
 0.353535    0.478
 0.373737    0.490
 0.393939    0.504
 0.414141    0.521
 0.434343    0.540
 0.454545    0.563
 0.474747    0.590
 0.494949    0.623
 0.515152    0.665
 0.535354    0.720
 0.555556    0.797
 0.575758    0.917
 0.595960    1.191
 0.616162    1.329
 0.636364    1.166
 0.656566    0.971
 0.676768    0.715
 0.696970    0.260
 0.717172    0.000
 0.737374    0.000
 0.757576    0.000
 0.777778    0.000
 0.797980    0.000
 0.818182    0.000
 0.838384    0.000
 0.858586    0.000
 0.878788    0.000
 0.898990    0.000
 0.919192    0.000
 0.939394    0.000
 0.959596    0.000
 0.979798    0.000
 1.000000    0.000



# 150.000 deg  
-1.000000    0.000
-0.979798    0.000
-0.959596    0.000
-0.939394    0.000
-0.919192    0.000
-0.898990    0.000
-0.878788    0.000
-0.858586    0.000
-0.838384    0.000
-0.818182    0.000
-0.797980    0.000
-0.777778    0.000
-0.757576    0.000
-0.737374    0.000
-0.717172    0.000
-0.696970    0.260
-0.676768    0.715
-0.656566    0.971
-0.636364    1.166
-0.616162    1.329
-0.595960    1.191
-0.575758    0.917
-0.555556    0.797
-0.535354    0.720
-0.515152    0.665
-0.494949    0.623
-0.474747    0.590
-0.454545    0.563
-0.434343    0.540
-0.414141    0.521
-0.393939    0.504
-0.373737    0.490
-0.353535    0.478
-0.333333    0.467
-0.313131    0.457
-0.292929    0.449
-0.272727    0.496
-0.252525    0.789
-0.232323    0.913
-0.212121    0.999
-0.191919    1.063
-0.171717    1.111
-0.151515    1.148
-0.131313    1.174
-0.111111    1.192
-0.090909    1.201
-0.070707    1.202
-0.050505    1.196
-0.030303    1.182
-0.010101    1.159
 0.010101    1.127
 0.030303    1.085
 0.050505    1.030
 0.070707    0.958
 0.090909    0.861
 0.111111    0.717
 0.131313    0.408
 0.151515    0.411
 0.171717    0.415
 0.191919    0.419
 0.212121    0.423
 0.232323    0.429
 0.252525    0.434
 0.272727    0.441
 0.292929    0.449
 0.313131    0.457
 0.333333    0.467
 0.353535    0.478
 0.373737    0.490
 0.393939    0.504
 0.414141    0.521
 0.434343    0.540
 0.454545    0.563
 0.474747    0.590
 0.494949    0.623
 0.515152    0.665
 0.535354    0.720
 0.555556    0.797
 0.575758    0.917
 0.595960    1.191
 0.616162    1.329
 0.636364    1.166
 0.656566    0.971
 0.676768    0.715
 0.696970    0.260
 0.717172    0.000
 0.737374    0.000
 0.757576    0.000
 0.777778    0.000
 0.797980    0.000
 0.818182    0.000
 0.838384    0.000
 0.858586    0.000
 0.878788    0.000
 0.898990    0.000
 0.919192    0.000
 0.939394    0.000
 0.959596    0.000
 0.979798    0.000
 1.000000    0.000



# 180.000 deg  
-1.000000    0.000
-0.979798    0.000
-0.959596    0.000
-0.939394    0.000
-0.919192    0.000
-0.898990    0.000
-0.878788    0.000
-0.858586    0.000
-0.838384    0.000
-0.818182    0.000
-0.797980    0.000
-0.777778    0.000
-0.757576    0.000
-0.737374    0.000
-0.717172    0.000
-0.696970    0.260
-0.676768    0.715
-0.656566    0.971
-0.636364    1.166
-0.616162    1.329
-0.595960    1.191
-0.575758    0.917
-0.555556    0.797
-0.535354    0.720
-0.515152    0.665
-0.494949    0.623
-0.474747    0.590
-0.454545    0.563
-0.434343    0.540
-0.414141    0.521
-0.393939    0.700
-0.373737    0.886
-0.353535    0.990
-0.333333    1.063
-0.313131    1.117
-0.292929    1.157
-0.272727    1.186
-0.252525    1.206
-0.232323    1.218
-0.212121    1.222
-0.191919    1.218
-0.171717    1.207
-0.151515    1.188
-0.131313    1.160
-0.111111    1.123
-0.090909    1.075
-0.070707    1.013
-0.050505    0.933
-0.030303    0.824
-0.010101    0.651
 0.010101    0.400
 0.030303    0.400
 0.050505    0.401
 0.070707    0.402
 0.090909    0.404
 0.111111    0.406
 0.131313    0.408
 0.151515    0.411
 0.171717    0.415
 0.191919    0.419
 0.212121    0.423
 0.232323    0.429
 0.252525    0.434
 0.272727    0.441
 0.292929    0.449
 0.313131    0.457
 0.333333    0.467
 0.353535    0.478
 0.373737    0.490
 0.393939    0.504
 0.414141    0.521
 0.434343    0.540
 0.454545    0.563
 0.474747    0.590
 0.494949    0.623
 0.515152    0.665
 0.535354    0.720
 0.555556    0.797
 0.575758    0.917
 0.595960    1.191
 0.616162    1.329
 0.636364    1.166
 0.656566    0.971
 0.676768    0.715
 0.696970    0.260
 0.717172    0.000
 0.737374    0.000
 0.757576    0.000
 0.777778    0.000
 0.797980    0.000
 0.818182    0.000
 0.838384    0.000
 0.858586    0.000
 0.878788    0.000
 0.898990    0.000
 0.919192    0.000
 0.939394    0.000
 0.959596    0.000
 0.979798    0.000
 1.000000    0.000

